6F
00
40
10
6F
00
40
27
6F
00
40
2A
6F
00
00
27
6F
00
C0
29
6F
00
80
29
6F
00
40
29
6F
00
00
29
6F
00
C0
28
6F
00
C0
25
6F
00
40
28
6F
00
00
28
6F
00
C0
27
6F
00
80
27
6F
00
40
27
6F
00
00
27
6F
00
C0
26
6F
00
80
26
6F
00
40
26
6F
00
00
26
6F
00
C0
25
6F
00
80
25
6F
00
40
25
6F
00
00
25
6F
00
C0
24
6F
00
80
24
6F
00
40
24
6F
00
00
24
6F
00
C0
23
6F
00
80
23
6F
00
40
23
6F
00
00
23
6F
00
C0
22
6F
00
80
22
6F
00
40
22
6F
00
00
22
6F
00
C0
21
6F
00
80
21
6F
00
40
21
6F
00
00
21
6F
00
C0
20
6F
00
80
20
6F
00
40
20
6F
00
00
20
6F
00
C0
1F
6F
00
80
1F
6F
00
40
1F
6F
00
00
1F
6F
00
C0
1E
6F
00
80
1D
6F
00
40
1D
6F
00
00
1D
6F
00
C0
1C
6F
00
80
1C
6F
00
40
1C
6F
00
00
1C
6F
00
C0
1B
6F
00
80
1B
6F
00
40
1B
6F
00
00
1B
6F
00
C0
1A
6F
00
80
1A
6F
00
40
1A
6F
00
00
1A
6F
00
C0
19
93
00
00
18
93
90
40
00
F3
90
00
30
F3
D0
58
30
93
00
00
00
13
81
00
00
93
81
00
00
13
82
00
00
93
82
00
00
13
83
00
00
93
83
00
00
13
84
00
00
93
84
00
00
13
85
00
00
93
85
00
00
13
86
00
00
93
86
00
00
13
87
00
00
93
87
00
00
13
88
00
00
93
88
00
00
13
89
00
00
93
89
00
00
13
8A
00
00
93
8A
00
00
13
8B
00
00
93
8B
00
00
13
8C
00
00
93
8C
00
00
13
8D
00
00
93
8D
00
00
13
8E
00
00
93
8E
00
00
13
8F
00
00
93
8F
00
00
17
11
10
00
13
01
01
E7
17
0D
10
00
13
0D
8D
E6
97
0D
10
00
93
8D
0D
E6
63
58
BD
01
23
20
0D
00
13
0D
4D
00
E3
DC
AD
FF
13
05
00
00
93
05
00
00
93
03
00
00
B7
03
FF
FF
F3
A3
43
30
93
03
80
00
F3
A3
03
30
93
03
00
00
EF
00
80
18
6F
00
00
00
23
20
31
00
23
22
41
00
23
24
51
00
23
26
61
00
23
28
71
00
23
2A
A1
00
23
2C
B1
00
23
2E
C1
00
23
20
D1
02
23
22
E1
02
23
24
F1
02
23
26
01
03
23
28
11
03
23
2A
C1
03
23
2C
D1
03
23
2E
E1
03
23
20
F1
05
67
80
00
00
83
21
01
00
03
22
41
00
83
22
81
00
03
23
C1
00
83
23
01
01
03
25
41
01
83
25
81
01
03
26
C1
01
83
26
01
02
03
27
41
02
83
27
81
02
03
28
C1
02
83
28
01
03
03
2E
41
03
83
2E
81
03
03
2F
C1
03
83
2F
01
04
83
20
41
04
13
01
81
04
73
00
20
30
6F
00
00
00
6F
00
00
00
13
01
81
FB
23
22
11
04
EF
F0
9F
F5
F3
63
10
34
93
83
43
00
F3
93
13
34
6F
F0
1F
F9
13
01
81
FB
23
22
11
04
EF
F0
DF
F3
6F
F0
1F
F8
6F
00
00
00
00
00
00
00
00
00
00
00
00
00
00
00
00
00
00
00
13
01
01
FE
23
2E
11
00
23
2C
81
00
23
2A
E1
00
23
28
F1
00
13
04
01
02
B7
07
00
01
83
A7
07
00
23
22
F4
FE
B7
07
10
00
23
20
F4
FE
93
07
10
00
23
26
F4
FE
93
07
10
00
23
24
F4
FE
6F
00
00
02
03
27
C4
FE
83
27
84
FE
B3
07
F7
02
23
26
F4
FE
83
27
84
FE
93
87
17
00
23
24
F4
FE
03
27
84
FE
83
27
44
FE
E3
FE
E7
FC
83
27
04
FE
03
27
C4
FE
23
A0
E7
00
B7
07
00
01
93
87
47
00
03
27
C4
FE
23
A0
E7
00
13
00
00
00
83
20
C1
01
03
24
81
01
03
27
41
01
83
27
01
01
13
01
01
02
73
00
20
30
13
01
01
FE
23
2E
11
00
23
2C
81
00
13
04
01
02
93
07
80
00
73
A0
07
30
B7
17
00
00
93
87
07
80
73
A0
47
30
93
07
00
2C
23
26
F4
FE
83
27
C4
FE
73
90
57
30
13
00
00
00
6F
F0
DF
FF
